0.0822983  0.102414  0.0671269  0.177826  0.0194772  0.189528  0.00969761  0.0304662  0.231666  0.0895  
0.0960272  0.119783  0.0650212  0.220522  0.0133689  0.0245761  0.0965836  0.0207923  0.216734  0.126592  
0.0451304  0.0825601  0.100355  0.0435421  0.0203586  0.341694  0.0153909  0.102329  0.177917  0.0707237  
0.0985122  0.071433  0.139942  0.189386  0.0670205  0.140715  0.0907759  0.0867583  0.107849  0.00760835  
0.0269664  0.0390932  0.125978  0.140177  0.0199106  0.0212519  0.0462747  0.194478  0.385481  0.000388932  
0.0330546  0.120777  0.0174839  0.227583  0.0366365  0.30696  0.00303299  0.0967609  0.156368  0.00134208  
0.00294592  0.00663816  0.161766  0.150491  0.0344933  0.110329  0.0370504  0.164278  0.278708  0.0533009  
0.0468934  0.0761412  0.1064  0.115114  0.0262576  0.202323  0.0193175  0.0373701  0.362744  0.00743893  
0.0532547  0.157614  0.0665892  0.289653  0.0394839  0.073899  0.0691195  0.129452  0.0587443  0.0621908  
0.0261044  0.0577794  0.164391  0.240818  0.0197999  0.108961  0.0207989  0.176694  0.155023  0.0296316  
0.0752664  0.0286489  0.137854  0.216068  0.0434538  0.312973  0.0151366  0.0421684  0.101533  0.0268982  
0.0246536  0.235332  0.052486  0.0309607  0.122702  0.223747  0.0309421  0.0859914  0.182694  0.0104918  
0.021205  0.021395  0.175979  0.0379309  0.0928914  0.31641  0.0272793  0.212417  0.00660946  0.087883  
0.014362  0.0980632  0.120098  0.130114  0.0762005  0.241904  0.0278011  0.00774422  0.193329  0.0903838  
0.027842  0.0958222  0.129001  0.254379  0.00150826  0.0770836  0.0127463  0.045277  0.284708  0.0716324  
0.0353059  0.0298771  0.00290864  0.323318  0.00926548  0.347764  0.0196981  0.0370487  0.115093  0.0797204  
0.0119463  0.0768235  0.00469896  0.131441  0.0222058  0.339016  0.0132859  0.101126  0.289332  0.0101258  
0.0755024  0.169231  0.231706  0.170878  0.0102649  0.0509542  0.0141798  0.0524771  0.183982  0.0408253  
0.00369108  0.136901  0.138269  0.0565897  0.0698773  0.204304  0.100407  0.0847267  0.154731  0.0505029  
0.115461  0.118286  0.108702  0.0828448  0.0288281  0.118552  0.178005  0.0773649  0.075584  0.0963714  
0.0385685  0.00897066  0.0481476  0.24031  0.00957623  0.114878  0.231124  0.00153618  0.275247  0.031642  
0.0116545  0.0153592  0.0612516  0.0918381  0.0221044  0.14551  0.084593  0.167775  0.251282  0.148632  
0.102466  0.0800778  0.207682  0.0274799  0.00948388  0.0277781  0.0608991  0.102432  0.355721  0.0259808  
0.0470954  0.151427  0.0404592  0.0219755  0.0246334  0.26302  0.0226296  0.086995  0.244406  0.0973585  
0.107828  0.14284  0.145755  0.236855  0.029009  0.0350155  0.013779  0.0102468  0.238398  0.0402736  
0.0348635  0.0570907  0.242356  0.181013  0.193993  0.113877  0.00433395  0.0892135  0.029939  0.0533206  
0.134969  0.0612284  0.164489  0.0626895  0.173305  0.0783568  0.111533  0.0521408  0.0772833  0.0840054  
0.125433  0.0642224  0.104816  0.114878  0.126096  0.0595625  0.0871675  0.0865823  0.0893926  0.14185  
0.17354  0.0934105  0.0596872  0.174264  0.0780235  0.0109194  0.114886  0.0670842  0.154557  0.0736288  
0.205458  0.0293731  0.054734  0.213632  0.193307  0.0368539  0.0336304  0.00357375  0.206803  0.0226347  
0.098277  0.238579  0.0109872  0.233894  0.0186128  0.0161897  0.119308  0.09831  0.109352  0.0564907  
0.0330881  0.0935653  0.10337  0.139991  0.0774311  0.187307  0.0604631  0.0623834  0.221143  0.021258  
0.0305433  0.134928  0.111014  0.0433758  0.000665418  0.0659962  0.100991  0.114035  0.143231  0.25522  
0.0307585  0.198634  0.185727  0.261685  0.00220596  0.202132  0.0135994  0.0456155  0.00812744  0.0515138  
0.214477  0.174495  0.0672777  0.0592988  0.00777572  0.0823759  0.0290168  0.216845  0.0061669  0.14227  
0.23396  0.150557  7.23138e-05  0.0226042  0.019671  0.0313542  0.00102651  0.364258  0.0987002  0.0777964  
0.0389707  0.0686685  0.223238  0.00495323  0.160304  0.0154902  0.313102  0.000744431  0.0580736  0.116456  
0.0838553  0.0156805  0.137209  0.0292007  0.0164875  0.0366139  0.260769  0.0654226  0.2764  0.0783613  
0.0585005  0.228424  0.0013372  0.00894132  0.215505  0.000150426  0.244848  0.0878864  0.146901  0.00750581  
0.265247  0.00604468  0.205478  0.0982522  0.00905653  0.212565  0.0118813  0.0200748  0.00944173  0.161959  
0.231426  0.0358092  0.0534057  0.0442019  0.0149911  0.00528294  0.0733816  0.389772  0.0145131  0.137216  
0.197143  0.0604702  0.029259  0.105558  0.0990097  0.0752475  0.101594  0.0455693  0.0564139  0.229736  
0.00395408  0.0184122  0.279727  0.00128881  0.167807  0.23047  0.113651  0.0371545  0.00343934  0.144095  
0.065271  0.109364  0.12218  0.12424  0.0263105  0.121346  0.123433  0.103562  0.0872699  0.117024  
0.105359  0.10884  0.10251  0.105305  0.109746  0.102114  0.109381  0.063167  0.1061  0.0874772  
0.117056  0.0695501  0.118492  0.100836  0.0413344  0.10661  0.119784  0.12629  0.120298  0.0797502  
0.105854  0.0537208  0.00145909  0.194078  0.052476  0.0686095  0.0216439  0.224281  0.107406  0.170472  
0.204094  0.0162125  0.122803  0.0568898  0.113744  0.0325445  0.13408  0.0905995  0.154277  0.0747566  
0.00571567  0.00279158  0.147325  0.109276  0.238399  0.0584538  0.0290404  0.200334  0.142505  0.0661597  
0.134452  0.222284  0.0167987  0.042643  0.20783  0.0926233  0.116899  0.100658  0.0189103  0.0469016  
0.0552586  0.0118849  0.146582  0.0428252  0.187472  0.0980338  0.0641165  0.308962  0.0656007  0.0192649  
0.0280959  0.154854  0.0037326  0.0315282  0.0495315  0.0601222  0.0684336  0.458655  0.14135  0.00369655  
0.330462  0.0621551  0.17826  0.0510507  0.140846  0.0787986  0.0399468  0.00376241  0.108978  0.00574003  
0.0651884  0.272667  0.0197899  0.00242734  0.00854359  0.030238  0.0992678  0.494555  0.00212815  0.00519511  
0.0710523  0.0331288  0.00772352  0.250005  0.114023  0.15057  0.00637511  0.314016  0.0402893  0.0128166  
0.240539  0.208005  0.0377086  0.0599595  0.102722  0.112817  0.0792542  0.106491  0.0415638  0.0109406  
0.0040925  0.0424012  0.0185896  0.210654  0.00524382  0.205404  0.00256098  0.00702559  0.375403  0.128626  
0.0772518  5.69262e-05  0.0325702  0.291336  0.357206  0.0375502  0.0030345  0.095567  0.0825465  0.0228809  
0.118424  0.156273  0.150347  0.157092  0.102384  0.14097  0.097713  0.00145195  0.0637848  0.0115606  
0.0803055  0.0947798  0.111242  0.102445  0.11179  0.0879574  0.107544  0.109738  0.0950561  0.0991426  
0.0951956  0.129443  0.114769  0.127434  0.0474082  0.0800772  0.0959248  0.114308  0.104588  0.0908517  
0.105601  0.115116  0.119457  0.109158  0.113801  0.0681487  0.114522  0.117345  0.0766245  0.0602275  
0.161894  0.0175545  0.0202815  0.149624  0.173309  0.03622  0.0987721  0.110074  0.133403  0.0988686  
0.158326  0.137289  0.16297  0.0696719  0.0579869  0.12904  0.0290749  0.119841  0.0248974  0.110904  
0.014368  0.174056  0.133738  0.109578  0.0693411  0.0389557  0.158222  0.228165  0.0033212  0.0702556  
0.190709  0.0984913  0.075806  0.0390855  0.0494893  0.0126805  0.147353  0.154722  0.110039  0.121624  
0.123651  0.109877  0.0708272  0.0933876  0.0939971  0.0602473  0.131807  0.0990259  0.112172  0.105008  
0.108241  0.018534  0.151538  0.0215006  0.204019  0.122491  0.137036  0.103904  0.0804107  0.0523254  
0.0204361  0.167103  0.0753276  0.00812168  0.0768699  0.189839  0.131005  0.149591  0.0902416  0.0914639  
0.166162  0.144947  0.133389  0.0436602  0.0630732  0.105237  0.0353678  0.188238  0.0657846  0.0541413  
0.0997169  0.157038  0.0758682  0.121944  0.0496744  0.166875  0.0224339  0.042252  0.194894  0.0693041  
0.095972  0.165864  0.0453241  0.0121369  0.0398742  0.284604  0.0954142  0.12173  0.1337  0.00538071  
0.0631858  0.0620729  0.100685  0.0172019  0.0490135  0.281482  0.0432947  0.120112  0.261021  0.00193156  
0.0509429  0.120945  0.0898035  0.159221  0.00038787  0.152013  0.00498948  0.10221  0.250457  0.0690298  
0.0428758  0.0420853  0.158407  0.136206  0.00491751  0.320539  0.0535887  0.153578  0.0875762  0.000226747  
0.0213805  0.0135195  0.11882  0.128175  0.0396511  0.273188  0.0588511  0.151615  0.181887  0.0129124  
0.0281238  0.0819093  0.127968  0.205431  0.0115479  0.203683  0.00132488  0.165344  0.148829  0.0258389  
0.0623996  0.0704262  0.167971  0.0345154  0.0158278  0.00984082  0.0420589  0.153744  0.404407  0.0388095  
0.052407  0.0441905  0.0417511  0.331674  0.0186381  0.224555  0.0493128  0.184721  0.0142267  0.0385232  
0.0428727  0.0963676  0.134976  0.119508  0.0291267  0.360363  0.0445585  0.0551814  0.0612486  0.0557973  
0.0637781  0.0701531  0.160306  0.109937  0.049904  0.305659  0.0146294  0.196969  0.001635  0.0270304  
0.101691  0.0195524  0.198158  0.199437  0.050895  0.0680066  0.0661859  0.129571  0.141943  0.02456  
0.0624992  0.147624  0.109734  0.152248  0.105074  0.0307502  0.0814137  0.119116  0.0448515  0.146689  
0.127582  0.186037  0.025651  0.143772  0.0770265  0.00579099  0.0228672  0.165177  0.0613445  0.184752  
0.031431  0.0922229  0.174485  0.0292426  0.0823527  0.152857  0.170424  0.0506846  0.0198307  0.196469  
0.0362986  0.112231  0.0798841  0.157549  0.198537  0.0841719  0.0100247  0.0287957  0.138436  0.154072  
0.0111397  0.0368405  0.188843  0.0450353  0.0289933  0.203941  0.0776302  0.269637  0.0674885  0.0704516  
0.108941  0.0803289  0.100303  0.152432  0.0937968  0.0855689  0.0519871  0.106206  0.114039  0.106397  
0.0944762  0.0125818  0.184435  0.0516099  0.0786409  0.15269  0.0567639  0.0550648  0.307596  0.00614205  
0.148885  0.0651105  0.182437  0.094862  0.0275805  0.0871505  0.207143  0.0524254  0.0587392  0.0756667  
0.164562  0.112713  0.00873341  0.183197  0.0343011  0.0732723  0.08142  0.0947134  0.0959971  0.151092  
0.0923267  0.0175432  0.0968448  0.104313  0.0402217  0.161573  0.148974  0.167839  0.030724  0.139641  
0.0579789  0.196315  0.0015897  0.0388583  0.00476828  0.189039  0.0983769  0.157578  0.170159  0.0853368  
0.094524  0.15487  0.0662876  0.176979  0.0493452  0.185465  0.0158466  0.0186465  0.157926  0.08011  
0.0570351  0.0824779  0.0306258  0.239317  0.0382941  0.190493  0.0628846  0.00374714  0.288242  0.00688322  
0.0215047  0.0032499  0.077486  0.47571  0.110591  0.195166  0.0196741  0.0503334  0.00529403  0.0409916  
0.00637549  0.119212  0.110047  0.060331  0.0608543  0.271071  0.0620107  0.12322  0.174341  0.0125372  
0.000227939  0.0423282  0.273516  0.0387922  0.00256262  0.19252  0.0318874  0.0958589  0.147733  0.174574  
0.0108516  0.12769  0.164496  0.193273  0.0603117  0.10158  0.0430267  0.0417375  0.138789  0.118244  
0.119828  0.0189294  0.0821906  0.0811036  0.110356  0.026852  0.0543381  0.0820489  0.366953  0.0573997  
0.127358  0.185596  0.0374809  0.299143  0.0764674  0.161835  0.0148108  0.0495369  0.000165655  0.047606  
0.0832932  0.0989848  0.15859  0.00389535  0.00298648  0.0131558  0.000215873  0.145408  0.425514  0.0679564  
0.0176838  0.0327508  0.0813226  0.00443416  0.0348688  0.399939  0.0211176  0.0139762  0.382216  0.0116907  
0.0960739  0.0148297  0.0361395  0.0712812  0.0443075  0.276597  0.0751271  0.0393226  0.289186  0.0571353  
0.159464  0.139752  0.167297  0.00719606  0.0764208  0.00324236  0.153915  0.0191086  0.112212  0.161393  
0.127961  0.129991  0.129043  0.13003  0.127143  0.0110455  0.080373  0.00797665  0.126863  0.129575  
0.081706  0.118722  0.100139  0.124891  0.0520892  0.109521  0.112736  0.0920609  0.132977  0.0751579  
0.144995  0.0349265  0.121437  0.109408  0.0982133  0.136367  0.0921401  0.059273  0.0733318  0.129908  
0.140136  0.0738993  0.135872  0.0792674  0.116731  0.12163  0.0937931  0.0607262  0.122555  0.0553896  
