13
10

0.188833 0.180259 0.0227938 0.0819741 0.00941029 0.00982852 0.125261 0.206399 0.0911752 0.0840652 
0.106905 0.0143962 0.154092 0.146628 0.0877099 0.211144 0.0866436 0.00719808 0.0770461 0.108238 
0.169338 0.0288908 0.178406 0.0103332 0.18663 0.144876 0.0934205 0.123787 0.0598903 0.00442851 
0.0787384 0.215566 0.127071 0.171545 0.0723848 0.0340368 0.0290447 0.112548 0.157931 0.00113456 
0.00638978 0.0949947 0.176358 0.0956337 0.0600639 0.124814 0.0170394 0.0707135 0.17934 0.174654 
0.0980951 0.0682466 0.0911954 0.134243 0.139493 0.136493 0.0187491 0.134393 0.130643 0.0484476 
0.143115 0.119964 0.10448 0.0330728 0.119964 0.0895971 0.148677 0.134847 0.0753157 0.0309681 
0.15723 0.0354162 0.041958 0.054365 0.0645161 0.217686 0.0931649 0.117528 0.0394767 0.17866 
0.104389 0.0225638 0.0659559 0.110836 0.0664518 0.108108 0.0505827 0.212745 0.135383 0.122985 
0.189395 0.0957467 0.170895 0.111387 0.109098 0.0326149 0.158879 0.00915506 0.0518787 0.0709517 
0.0457567 0.118694 0.16973 0.0897536 0.178725 0.0592491 0.115174 0.194564 0.00899492 0.0193586 
0.0613727 0.205912 0.0741483 0.110972 0.0929359 0.137024 0.00576152 0.0786573 0.184619 0.0485972 
0.168807 0.143309 0.0202866 0.140145 0.0532291 0.0519263 0.0850549 0.139773 0.137912 0.059557 
