20
10

0.140984 0.257624 0.0222044 0.258159 0.0184591 0.0799893 0.00454789 0.131889 0.0232745 0.0628678 
0.150243 0.138419 0.195919 0.0653837 0.058428 0.0788314 0.215627 0.00788314 0.009738 0.079527 
0.129938 0.0912682 0.187734 0.024948 0.095842 0.203742 0.0010395 0.0004158 0.111019 0.154054 
0.0594354 0.0612184 0.157801 0.136701 0.144725 0.058841 0.150074 0.0546805 0.0445765 0.131947 
0.0458199 0.17705 0.16037 0.128014 0.0424035 0.0373794 0.0253215 0.117765 0.0848071 0.181069 
0.0331623 0.109198 0.173324 0.0954562 0.167277 0.136314 0.122939 0.0390253 0.0679736 0.0553316 
0.0928714 0.00471613 0.0930528 0.0665699 0.0707419 0.167241 0.162525 0.10702 0.0799927 0.155269 
0.0860642 0.119662 0.0893744 0.080768 0.129758 0.0976498 0.0521351 0.156405 0.0294604 0.158722 
0.170335 0.0251834 0.0858616 0.151101 0.0880428 0.0519532 0.00297442 0.174698 0.155265 0.0945866 
0.133026 0.0123576 0.155076 0.0145384 0.196026 0.124788 0.0722074 0.10613 0.149261 0.0365883 
0.00976821 0.0922185 0.110596 0.15447 0.0990066 0.112086 0.0948675 0.123179 0.0437086 0.160099 
0.0710154 0.0987433 0.0849791 0.143427 0.108119 0.0718133 0.179533 0.0945542 0.130461 0.0173549 
0.117168 0.154654 0.12423 0.152119 0.0266208 0.0351322 0.109018 0.126222 0.125679 0.0291561 
0.100804 0.155832 0.147553 0.0316533 0.135622 0.194546 0.0528366 0.0421232 0.0993426 0.0396883 
0.1694 0.0736 0.0548 0.137 0.0224 0.1278 0.0886 0.069 0.111 0.1464 
0.140731 0.0921427 0.0560298 0.156489 0.108777 0.00875465 0.124316 0.146203 0.000875465 0.165682 
0.00518746 0.195473 0.182033 0.0672011 0.202782 0.115303 0.138882 0.0221646 0.0400849 0.0308889 
0.101092 0.143002 0.0454661 0.020574 0.1397 0.146304 0.0993142 0.159766 0.13081 0.01397 
0.0476052 0.122787 0.00986938 0.124238 0.00783745 0.151814 0.00754717 0.142816 0.206676 0.17881 
0.160597 0.136768 0.0531968 0.120993 0.0385971 0.14583 0.12586 0.0931364 0.0659507 0.0590703 
